i = 0   Syst = 0.0405886
i = 1   Syst = 0.14925
i = 2   Syst = 0.029137
i = 3   Syst = -0.0165247
